T1: 1.24
T2: 5.23
T3: 8.94
N1: 2
N2: 3
H: 2
i: [0, 1, 2, 3, 4]
xi: [1, 3, 5, 7, 9]
yi: [-3.0, -1.7888983093448783, 4.124496700527198, 11.432718807557492, 19.422203381310243]

LAGRANGE
--------------------------------------------------------------------
Ln(T1) = -3.10294888437604 nodes [1, 3, 5]
f(T1) = -3.5208910369355637
Rn(T1) = 4.235263999999999
|f(T1) - L2(T1)| = 0.4179421525595237
--------------------------------------------------------------------
Ln(T2) = 4.893962978929045 nodes [3, 5, 7]
f(T2) = 4.914709775385349
Rn(T2) = 0.08966251851851866
|f(T2) - L2(T2)| = 0.020746796456304395
--------------------------------------------------------------------
Ln(T3) = 19.172606475206848 nodes [5, 7, 9]
f(T3) = 19.175715286516613
Rn(T3) = 0.00978380800000008
|f(T3) - L2(T3)| = 0.003108811309765258
--------------------------------------------------------------------

NEWTON
--------------------------------------------------------------------
Nn(T1) = -3.21238632673152 nodes [1, 3, 5, 7]
f(T1) = -3.5208910369355637
Rn(T1) = 18.296340479999998
|f(T1) - N3(T1)| = 0.3085047102040437
--------------------------------------------------------------------
Nn(T2) = 4.956517707736758 nodes [1, 3, 5, 7]
f(T2) = 4.914709775385349
Rn(T2) = 7.680267180000015
|f(T2) - N3(T2)| = 0.041807932351408894
--------------------------------------------------------------------
Nn(T3) = 19.179424228468346 nodes [3, 5, 7, 9]
f(T3) = 19.175715286516613
Rn(T3) = 0.0672636800000005
|f(T3) - N3(T3)| = 0.003708941951732214
--------------------------------------------------------------------
